                                                                                                                                                     
                                                                                                                                                     
                                                                                                                                                     
                                                                                                                                                     
                                                                                                                                                     
                                                                                                                                                     
                                                                                                                                                     
                                                                                                                                                     
                                                                                                                                                     
       2    2   2   2   2    2   2     2      2        2                        2                        2                   2                       
11111111111111111111111111111111111111111111111111111111111111111111111111111111111111111111111111111111111111111111111111111111111111111111111111111